-1.8606505393981934 -16.188657760620117
-2.1950855255126953 -15.841508865356445
-5.5641398429870605 -12.687182426452637
-2.468724489212036 -14.801057815551758
-3.093858242034912 -19.60614776611328
-0.4335209131240845 -17.075149536132812
0.9694292545318604 -23.223648071289062

51.04964065551758 1.2205275297164917
47.9997673034668 -4.178063869476318
49.5703125 1.0389944314956665
46.32416534423828 -2.568845748901367
52.419124603271484 -0.5276811122894287

99.29756927490234 -6.01339864730835
95.65692138671875 -5.20215368270874
97.79777526855469 -1.6228491067886353
94.97164154052734 -3.6600327491760254
97.22264099121094 -9.9225492477417
95.54144287109375 -5.355232238769531

-8.309666633605957 57.90424728393555
-8.345061302185059 55.65507507324219
-13.770268440246582 56.529869079589844
-10.928695678710938 56.52855682373047

45.90276336669922 41.777828216552734
43.73115921020508 36.59740447998047
44.106407165527344 42.954795837402344
42.72577667236328 45.81666946411133
39.742916107177734 45.8053092956543
44.69351577758789 42.33905029296875
44.58491134643555 42.9409294128418

101.50485229492188 46.696598052978516
106.19081115722656 53.581912994384766
101.3510971069336 51.288055419921875
103.58377075195312 51.857913970947266
103.11373138427734 54.081459045410156
97.9752426147461 53.11345291137695
103.58008575439453 49.78520584106445

-15.986878395080566 100.46285247802734
-14.836030960083008 97.52802276611328
-10.93970012664795 101.3233642578125
-11.812212944030762 100.66668701171875
-10.621338844299316 95.93391418457031
-10.059211730957031 100.36213684082031

39.1453857421875 109.1387939453125
40.23823547363281 104.3188705444336
37.65583038330078 106.181640625
41.66656494140625 106.18650817871094
40.07777404785156 107.4729995727539
36.338714599609375 109.63923645019531

108.0808334350586 99.50545501708984
109.2308120727539 98.13520050048828
107.88057708740234 99.14311218261719
113.76117706298828 96.1413803100586

5 10
2 19
2 21
3 23
9 23
11 15
5 10
11 15
14 29
14 43
18 40
19 26
2 19
9 23
19 26
22 34
28 34
26 43
15 23
3 23
26 40
30 51
14 29
22 34
18 40
41 47
38 47
26 43
45 50
30 51
45 50
