4.62 8.78
4 8
5.26 7.92
5.1 7.42
4.08 7.16
3.1 7.74
4.24 6.68
4.58 7.8
5.82 7
6.6 8.04
6.26 6.44
6.86 7.34
6.32 8.76
5.84 9.48
4 9.48
3.26 9.04

14.54 8.88
14.68 7.92
15 7
15.7 6.86
16.46 7.06
17.16 7.56
17.02 8.62
16.76 9.08
16.02 9.44
15.44 9.3
15.26 8.48
15.7 7.82
16 9
16.44 8.44
18.18 8.38
19.34 8.24
19.08 7.72
18.32 7.78
18.62 7.1
19.14 7.1
20.42 7.18
20.54 7.82
21.42 7.6
21.36 7.14

8.08 4.42
8.28 3.64
8.94 3.3
9.72 4.12
9.98 2.8
10.66 3.88
10.62 2.48
8.78 2.36
7.74 2.84
7.38 3.18
8.42 2.16
9.5 2.04
11 3
11.66 3.86
12.26 4.44
7.6 4.08
7.18 4.32
6.88 4.7

9.34 12.32
9.34 11.74
9.34 11.2
9.34 10.56
9.34 9.96
10 10
10.06 10.42
10 11
10.1 12.36
10.14 11.7
11.08 11.68
11.18 10.9
11.2 10.26

17.34 4.12
17 4
16.8 3.18
17.44 2.6
18.78 3.28
18.44 2.28
18.14 3.78
17.42 1.86
17.52 3.32

11.14 8.32
10 8
10.24 7.16
11.78 7.02
12.28 7.9
11.3 7.58

1.44 3.24
1.4 2.56
1.44 1.92
2.2 1.7
2.6 2.3
2.3 2.5
2.94 1.8
3.66 2.74
2.78 3.26
2.22 3.3

9 6

96 40
96 43
96 82
96 11
93 49
94 6
54 73
84 17
80 63
81 63
80 70
18 54
83 54
71 20
72 19
35 77
10 57
12 62
13 61
70 16
46 73