-5.0247673988342285 -31.2026424407959
-5.815405368804932 -33.719886779785156
-7.888515949249268 -30.983869552612305
-4.840186595916748 -24.674118041992188
-10.570117950439453 -30.279512405395508
-3.1482245922088623 -26.980504989624023
-2.800539493560791 -32.811336517333984

77.70325469970703 -2.7367756366729736
76.87376403808594 -2.131800413131714
72.76072692871094 0.40857836604118347
81.58634185791016 -5.059824466705322

145.48118591308594 -10.816486358642578
141.6700439453125 -10.711344718933105
146.51043701171875 -11.951680183410645
142.8697967529297 -11.140435218811035
145.01065063476562 -7.561130523681641
142.1845245361328 -9.59831428527832
144.43551635742188 -15.860830307006836
142.7543182373047 -11.293513298034668

-19.154855728149414 83.05550384521484
-24.44835090637207 82.31536102294922
-20.843124389648438 78.38458251953125
-17.663005828857422 84.13834381103516
-20.778501510620117 84.42190551757812
-20.059560775756836 82.36888885498047
-21.9571533203125 86.38513946533203

54.54148483276367 59.2183952331543
63.41684341430664 54.0803108215332
61.076438903808594 59.25605773925781
63.75968551635742 62.7628173828125
60.50912857055664 55.797264099121094

160.4304962158203 79.60188293457031
155.5907745361328 77.30802154541016
157.82345581054688 77.87788391113281
157.35340881347656 80.10143280029297
152.2149200439453 79.1334228515625
157.81976318359375 75.80517578125

-20.4647216796875 143.67520141601562
-20.496496200561523 150.8972625732422
-26.567583084106445 151.0216522216797
-24.374130249023438 156.71583557128906

59.00220489501953 168.570068359375
52.243404388427734 165.8605499267578
53.28636932373047 165.921875
51.75925064086914 165.84054565429688
53.41566848754883 166.03656005859375
52.298072814941406 164.94650268554688
60.894195556640625 163.5064697265625
51.44396209716797 168.54812622070312

170.9752960205078 149.74961853027344
173.94583129882812 151.96884155273438
173.8209228515625 145.99903869628906
174.76593017578125 143.958740234375
171.52867126464844 147.31024169921875
169.02479553222656 150.1936798095703
171.3465576171875 151.32656860351562
167.90916442871094 150.86741638183594

5 9
3 26
3 21
9 27
10 12
5 9
10 35
15 36
5 12
15 52
16 21
25 37
22 26
22 46
3 21
9 27
22 26
31 52
15 36
25 37
38 44
26 37
3 37
29 47
22 46
31 52
47 56
29 56
15 52
10 52
38 56
37 56
22 56
