2.1729748249053955 -4.581272125244141
2.0660927295684814 -1.9819427728652954
-0.5723699927330017 -6.422031879425049
-4.823215007781982 -6.028487205505371
1.223952293395996 -7.767385959625244
-2.078963041305542 -11.836647987365723

33.062950134277344 -2.662609100341797
32.87333679199219 2.050126075744629
37.3621826171875 0.5873720645904541
32.24790573120117 -3.0745127201080322
27.845691680908203 0.1327584832906723
34.172515869140625 -8.565075874328613
30.578519821166992 -3.0934743881225586

66.35194396972656 -0.2602803409099579
63.236446380615234 0.023282581940293312
63.95538330078125 -2.029733896255493
62.05779266357422 1.986511468887329
57.92853927612305 -2.447608232498169
66.80389404296875 -7.585693836212158
64.46349334716797 -2.4099485874176025

92.1301498413086 3.223144769668579
99.96695709228516 -1.2311903238296509
92.51761627197266 2.8456227779388428
95.90597534179688 2.5740158557891846
97.20098876953125 3.2506933212280273
91.20960998535156 2.1639633178710938
95.60726928710938 3.5810725688934326

-7.8114752769470215 31.031057357788086
-6.660627841949463 28.096221923828125
-2.7642979621887207 31.891565322875977
-3.636810541152954 31.234888076782227

37.340938568115234 33.48701858520508
34.986167907714844 37.30794906616211
33.529151916503906 35.100257873535156
34.62200164794922 30.28032684326172
32.03959655761719 32.14310073852539
36.050331115722656 32.14796829223633
34.46154022216797 33.43446350097656

59.88810348510742 33.85197830200195
61.038082122802734 32.48173141479492
59.68784713745117 33.48964309692383
65.56844329833984 30.487905502319336
62.02947235107422 32.550575256347656
66.48497009277344 30.217906951904297

96.21514892578125 37.0440559387207
91.1438980102539 36.04322814941406
90.80560302734375 31.19917869567871
103.57511138916016 39.27801513671875

2.5200843811035156 67.4832534790039
3.4097626209259033 67.54222869873047
7.668705463409424 69.04209899902344
4.3201985359191895 66.5346908569336
4.1326494216918945 70.4617919921875
5.544236183166504 64.96041870117188
-0.9830317497253418 67.44537353515625

35.147850036621094 58.82740783691406
39.33052062988281 60.05684280395508
39.6451530456543 60.89625549316406
37.53557205200195 65.56922912597656
33.492427825927734 60.62226104736328
40.214500427246094 60.991355895996094
39.89884567260742 61.777042388916016
36.81684112548828 61.125633239746094

67.39230346679688 59.34489059448242
64.35157012939453 59.34498596191406
65.48956298828125 58.93416976928711
64.69519805908203 64.23491668701172
63.91218566894531 62.755008697509766
65.78258514404297 59.09606170654297
63.188018798828125 61.16080093383789

100.7987289428711 59.88444137573242
95.02032470703125 59.62643051147461
97.67362976074219 64.72733306884766
100.3663330078125 57.87873077392578
99.82295227050781 62.699222564697266
95.25747680664062 60.46779251098633
93.16988372802734 61.62929153442383

0.23541992902755737 97.73424530029297
-4.192485332489014 99.00597381591797
-3.197382926940918 101.1710433959961
-7.159830570220947 100.13276672363281

27.107177734375 95.77481842041016
32.54560852050781 89.19856262207031
23.56078338623047 92.60604095458984
29.525917053222656 95.16545867919922

60.71916580200195 97.59127807617188
58.398563385009766 100.38097381591797
62.646793365478516 100.49703216552734
59.97871780395508 88.89881896972656
60.74333190917969 93.0647964477539
61.5836181640625 96.94583892822266
60.30915832519531 96.40145874023438

102.28170013427734 93.04251861572266
97.62002563476562 93.67788696289062
98.6800308227539 100.64600372314453
94.56575775146484 92.1104736328125
98.85175323486328 95.75511932373047

1 10
1 28
1 35
8 17
7 34
1 10
8 39
10 29
10 30
10 53
13 25
8 17
16 43
16 34
13 46
13 25
20 46
20 43
20 63
1 28
29 53
29 35
10 29
29 59
31 40
32 55
32 56
7 34
29 35
31 40
31 38
43 46
16 43
16 41
38 56
8 39
43 71
20 43
47 73
43 46
20 46
13 46
45 88
8 46
50 59
52 77
29 53
30 53
50 83
32 53
50 88
32 55
60 69
38 65
60 69
63 76
66 88
45 63
47 73
47 70
63 76
72 95
43 71
76 88
13 71
77 83
52 77
58 77
82 88
58 82
77 83
50 83
66 82
87 95
66 88
58 88
76 88
50 88
72 95
87 95
66 95
